-9.036068025438865892e-01
3.381562730783680415e-01
-4.057350859433224710e-01
1.314515122384697587e+00
-3.987050049826641462e-01
-1.791406915258201948e+00
-2.953946230961541075e-01
-1.000561991241961657e+00
1.195192751508843187e+00
-5.371252246479057968e-01
-3.332325932765363152e-01
-1.549229538923216007e-02
1.145286091521901195e+00
-1.016622845056344149e+00
3.099695668319097930e-01
5.862180963949511492e-01
3.730238639479623725e-02
1.943663574416643725e+00
-9.608431862865310924e-01
5.557144598594261353e-01
-7.529288876167498090e-01
7.504205041236481355e-01
1.493776242890407224e-01
-6.032807730619098308e-02
-3.308704860737551323e-01
2.727087547736746775e-01
-2.488716217486372784e-01
-1.050284255662722099e+00
7.139940820023830126e-01
1.126247249313692356e+00
-1.549230998414122817e+00
1.563255521384827595e+00
-1.107474540513821326e+00
-5.423131939024138370e-01
-2.035444256478055325e-01
-4.852187947457288764e-01
2.171521175546752502e+00
-1.140527445751801761e+00
1.378537262962810317e+00
-5.608532461041025874e-01
-1.003678276310423945e+00
1.395649171504425690e+00
1.278341371053925701e-01
-3.579867760585315750e-01
2.670800801159935456e-01
1.116732438098742231e+00
6.359643322393153664e-01
7.999750174440088679e-02
-9.480092548803195074e-01
-7.853253446391248449e-01
1.879485668449932811e-01
-7.195726516724015864e-01
1.897933474003706156e+00
9.406752394202561041e-01
-1.197948225060627259e+00
-4.662933558107213439e-01
-1.471203043741891869e-01
8.467349182292435161e-01
-1.431734143643462076e+00
4.548150500007352437e-01
8.562294459319135242e-01
-5.862574232568865673e-01
-1.092289565638799642e+00
-1.583777507738170609e+00
8.569854677532564580e-01
7.451845920219328789e-01
1.906415670048041244e+00
-6.497107035133303787e-01
7.498055449104338299e-01
-8.439077671500670730e-02
5.932721976440381156e-02
-5.535954366192106235e-01
-2.066026261129207675e-01
1.250824893825711159e+00
1.460141520776300439e+00
-2.614732147414604579e-01
1.141662718646440755e+00
1.226346382415156810e+00
-5.853851833640243835e-02
-9.714828104551862520e-01
-3.087430181320111600e-01
4.019981236575805722e-02
-7.331672147891105107e-01
2.299382031979452790e-01
-3.439090965584278847e-01
5.999389704744942931e-01
9.238390022500815313e-01
6.530402836455253546e-01
-5.140453536068358975e-01
-6.998856590490657448e-01
6.444972370643503590e-01
2.230952837369609698e-01
-1.458158028277227958e+00
1.463986168331178561e+00
-1.550604745382172744e+00
-2.380595877256025672e-01
1.447141633360525814e+00
-1.390982723517416808e+00
-1.396818843187051629e+00
-2.081192796447611515e-01
1.047510342554319962e+00
2.846926226197908916e-01
1.517009113386582619e+00
1.907560382049270850e-02
-1.285351723430516291e+00
1.953233704301448048e+00
-1.532062311711746526e-02
4.117946424328303712e-01
-3.269040885803724955e-02
-3.289408835579345158e+00
-7.485015500727392190e-01
-8.919520319185787749e-02
-7.166638116158932093e-01
-2.099641572844040405e-01
2.802754268319201936e-01
-1.461440269355253285e+00
-1.317435581103389153e-01
-4.805333034090645272e-01
8.810564649625503009e-01
7.401284655972444337e-01
-1.160054936210390686e+00
-7.126836333198719453e-01
8.420475829369173937e-01
2.209746376416115599e+00
3.403745517395279085e-01
-8.697314930807383826e-01
1.180007776633821281e+00
1.713058479350434649e+00
9.361962711177146401e-01
6.617160950343509151e-01
-2.166200123299800495e+00
3.641505160429318599e-01
1.133259861560388382e-01
-2.560225788894098020e+00
1.536353179121646428e-01
1.129114600367809862e+00
7.296410166355137006e-02
2.268597192205501489e-01
-5.871360681297399520e-01
1.184955158539287845e-01
-2.518624689672712899e-02
-1.141956511389705886e+00
7.558896766165824621e-01
-8.855636963930563210e-01
-1.789359153630934729e-01
-1.044097784417342911e+00
3.695689797551664491e-01
-8.054650283774354991e-01
-3.969965800619953411e-01
-2.388119216356218988e-01
-5.246232052608204022e-01
-2.044489829841899198e+00
1.974577491086921821e+00
-8.024151257127984938e-01
1.038530278481295310e+00
-2.278449953369950376e-01
-9.790983473384697877e-01
-5.879520185100918228e-01
-3.671512356977372216e-01
1.003356824232231270e+00
-8.739154284773896775e-01
-1.910654557064928039e-01
-4.068423813182405202e-01
-1.473877750294175337e+00
-2.972892875386659028e-01
5.065914810287543979e-01
9.624256184291594129e-01
8.763202648451862142e-01
1.794101301529728298e-01
6.337193162210592590e-01
1.535255054660212393e+00
6.265731149185319038e-02
-1.263684273561569149e-01
-8.746788261213799265e-01
-5.204106885514108161e-01
1.110131076829455443e+00
-4.423578893425705871e-01
-1.459909786155949352e+00
1.239954775199329395e+00
1.139671246531683613e+00
1.740588737381288054e+00
3.723003879440504871e-02
-7.635039733372416260e-01
3.514558032891871298e-01
5.643893981352457456e-02
-6.762691969104085432e-01
5.650725348431220318e-01
1.103870847357603546e+00
8.099867258449920948e-01
-6.808864618875857255e-01
-9.067036772130747380e-02
3.072912212331279092e-01
8.747860937345586230e-01
-1.897202900512009738e-01
5.913968458711501563e-01
1.091562443315008624e+00
9.895760704585043754e-02
1.399254104823268063e+00
-4.302338808661566594e-01
1.415250420189487324e+00
7.490126439758546528e-01
9.398085802592042182e-01
7.141213149430479801e-01
8.521874951212216054e-01
-5.132321691599768254e-01
-6.634426413268442735e-01
-1.055917540209557748e+00
-1.544823944382392122e+00
7.542089110308408673e-01
3.660644064891515476e-02
7.960501089530169772e-01
-7.865856883339733541e-01
-4.234250745849158504e-01
-5.942251556715762995e-01
-8.503127960061961366e-01
-4.681889422310641091e-01
1.407920696433784702e+00
-1.091108463172583837e-01
-8.901920251042042542e-01
-6.900361698814969635e-01
1.221506047667725164e-01
2.495108705702487606e-01
-2.968421282906764658e-01
-3.229184272821908896e-01
1.129197578372591382e+00
-1.677551872919619935e+00
-1.171366144704701073e-02
3.109201259755738911e-01
1.332347633125325649e-02
-7.355606692381425615e-01
-6.081792901423386244e-01
1.415858925557885284e+00
4.848217404854018864e-01
1.766736999508438100e-01
1.933604796281459315e+00
-9.224796887425322778e-01
-2.769542415844687522e+00
-3.667759907205584979e-01
-1.079686128690314773e+00
1.213482996583181289e-01
2.178518987283329267e+00
1.004518516299172992e+00
-1.479815287525209966e+00
-8.705880104856499324e-01
7.731454136998191506e-01
-6.217987466604820712e-01
3.934694110657426802e-01
-1.608246799370415703e+00
1.750389361723818649e+00
7.136659067594056105e-02
5.750271294834141678e-01
-5.213999707639730419e-01
2.699271476578312123e-01
7.625546543562020663e-01
-1.002101694219574624e+00
3.512326846541078407e-01
4.368493899877008979e-01
-4.344675542008519936e-02
-3.058406319203190726e-01
7.318896717002684182e-01
5.526894505962235415e-01
2.127064375383121431e-01
1.045887661571925253e+00
8.049914499571434456e-01
5.022267024465043583e-02
-1.324379045012767264e+00
-1.378416165682167849e+00
3.676134647758147467e-01
2.556835121481644268e-01
2.181147594944067292e-01
7.420378816850506931e-01
4.507555816112561731e-01
-2.321166157118481177e+00
-8.916026511854904246e-01
1.811121012288252896e-01
1.121194810800327568e+00
-4.432973847522638788e-01
2.667942669884126872e-01
8.940554304004940667e-01
1.974808956387304471e-01
-3.441893778190232567e-01
-1.074218800153041942e+00
1.468651376155563071e+00
-3.374350653140715028e+00
-8.363263923113520848e-01
-5.515854760830104370e-02
1.083596554855980720e+00
3.794671982170320923e-02
-1.080791531244745945e-01
3.890798746127991925e-01
1.734964672612761216e+00
9.154545358558222601e-01
-2.300467754814641275e+00
-5.508313470821543101e-01
-1.243935508423562597e-01
-1.228235196805889551e+00
1.075630666396952817e+00
8.861208891877170313e-01
-1.567716653923788117e+00
2.700147355517673042e-01
-2.798122757760117540e-01
-1.060177077788343691e+00
-3.439349119376932107e-01
8.585482201766421184e-01
8.579249631629496387e-01
1.613116082480224200e+00
1.094356036142653643e+00
-6.809113064241952007e-02
1.018283645314599584e+00
7.991839116002665833e-01
6.015883888139850200e-01
3.229030718438591907e-01
5.042100122915242899e-01
1.116234570070053111e+00
-2.625906518725185657e-01
1.578256100693668174e+00
4.197125880446510582e-01
1.136628719689693812e+00
-1.118842527168892431e+00
1.732827143535965383e-02
8.988792184117943007e-01
2.471080992586421221e+00
-1.248821990927364428e-01
-2.201557973115045641e+00
8.420485049147483636e-01
7.196919538622070789e-02
-5.452810405401002924e-01
-1.704971493610764499e+00
-7.871794420570767947e-01
-7.674500384535192232e-01
1.656550458094205869e+00
-3.196398741154891643e-01
-5.527048060345554070e-01
-1.191621997649706249e-02
1.303663492179759076e-01
-7.143081582579282607e-01
4.035042177773235927e-01
-3.786049662910824787e-01
-5.626345072734130204e-01
9.458678185639185498e-01
4.599947214547651653e-01
-2.596347909466338866e-01
5.167111097007787146e-01
-8.166311018875380690e-01
-1.041424048707715544e+00
-2.142172410183733888e-01
-4.426455464258133299e-01
-1.305330983026249392e+00
8.477684553776891896e-01
7.313899597159173593e-01
-4.883350798141911087e-01
7.045300284329579499e-02
-8.367846152933124948e-01
-1.092851972115652215e+00
-7.321078622613995668e-01
-7.327882819006081849e-01
3.244575753315916827e-02
-4.223601901902194200e-01
6.092500245888139432e-01
-1.242654930081259268e+00
-5.209251521810565055e-01
7.259318509569537836e-01
3.501862398160295320e-01
1.316054825362310776e+00
-1.956062936079704828e+00
4.966258226544914001e-01
-6.924213265300507292e-01
2.202463722394614187e-01
-1.576844234449757520e+00
6.776349642627739200e-01
-1.229498306434230637e+00
-2.128527138286325227e-01
1.308623684045208346e+00
1.168086603280206637e+00
8.144315809677898921e-01
1.262017704692909970e+00
1.173941162506459746e+00
-2.533903321821731502e+00
6.459659966138087128e-02
8.364798076809011607e-02
-4.425146255738245937e-01
9.979909132563584695e-01
4.254408363080700584e-01
-1.200031894958474732e+00
2.185885590152268243e+00
1.423317726209914813e+00
1.143036465614490682e+00
-2.418149005151483344e+00
-8.191610090555441204e-01
5.292730576468729353e-01
-1.394855030407222030e+00
-2.260924125647083116e+00
6.077333710569735592e-01
-2.804503815192643135e+00
1.957743146737234152e-01
-1.198160279961735686e+00
-1.008655985754660367e-01
1.634699583501733722e+00
1.090271674351739994e+00
3.303443549171015126e-01
-7.547700773450691791e-01
7.024518415372706936e-01
4.285801708223049844e-01
-1.243529838177964142e-01
7.697340957254670268e-01
-2.893870155499705943e-01
1.350656653356212988e+00
-1.046522586112625719e+00
-4.126332752093361117e-02
1.502460303214885995e+00
-2.034108359465897742e+00
4.669700212586447297e-03
-9.520014188881426032e-01
-3.242433094252028525e-01
-9.933521246042765762e-01
-2.675481266693001126e-01
-2.218521394361060162e-01
3.462042175643465503e-01
-8.649086270472691185e-01
3.977418563341610924e-01
-6.606379847652281700e-01
-8.845863998922958160e-01
-6.127135771147342869e-01
-5.292644416616012482e-01
6.284290074273205517e-01
1.001263934556074764e+00
4.146527737086389553e-01
-7.640313446565198952e-01
3.232405157299707565e-01
-1.548899086394996516e+00
-8.719630638962866040e-03
6.388132437368149175e-01
-1.219946616106044379e+00
8.518933841931626283e-01
5.656358632978055745e-01
4.918167862884857411e-01
-3.216913718735206373e+00
5.989635179293957279e-01
-5.470014511725708184e-01
5.763824368948459176e-01
-1.276814208716326560e+00
2.434856483610124744e+00
2.704351574426604454e-01
1.415656090435086112e+00
1.651185517960988836e-01
-1.114398594023925604e+00
1.910712086740063098e+00
9.188252868056145939e-01
4.306389473187181016e-01
-9.769593587707680049e-01
