,tejaas_rr,tejaas_jpa,matrixeqtl,tejaas_rr_errup,tejaas_jpa_errup,matrixeqtl_errup,tejaas_rr_errdn,tejaas_jpa_errdn,matrixeqtl_errdn
raw;with_qn,0.7732563706926884,0.5202436682113863,0.5180757290071583,0.8300200072789028,0.5934272084989133,0.5899208704051089,0.7164927341064741,0.44706012792385946,0.4462305876092079
raw;without_qn,0.9079923929548784,0.5199198029171692,0.5079393045313396,0.9401574140634527,0.5909082818123326,0.5824357737483372,0.8758273718463042,0.44893132402200586,0.43344283531434175
cclm;with_qn,0.49545840186368956,0.7946436736163989,0.8240061193896135,0.5635513840057256,0.8433044794336748,0.8767956839678062,0.4273654197216535,0.7459828677991227,0.7712165548114213
cclm;without_qn,0.5836964877083073,0.9385707930284491,0.9285799418752336,0.6577142679484436,0.9688753620433229,0.96809952496499,0.5096787074681712,0.9082662240135755,0.8890603587854773
cclasso;with_qn,0.7983213323281465,0.6680889588224906,0.7467036398290869,0.8522547459241486,0.7257453926440197,0.809525812423132,0.7443879187321446,0.6104325250009615,0.6838814672350417
cclasso;without_qn,0.996055147842835,0.9402282060106254,0.9274688819331806,0.9992034238297224,0.9732659977427431,0.9671163738961327,0.9929068718559476,0.9071904142785074,0.8878213899702285
knn30;with_qn,0.8251565496939836,0.7844543762716698,0.6619181521271197,0.8728783251323227,0.8503451446844277,0.7357738457969751,0.7774347742556444,0.7185636078589119,0.5880624584572643
knn30;without_qn,0.9908401345234853,0.7109009534782831,0.6119116198032706,0.9990550727631987,0.7698589699308578,0.6925016973774811,0.9826251962837719,0.6519429370257082,0.5313215422290597
cclasso_knn30;with_qn,0.8231061787042415,0.8676248792254955,0.8100964236361814,0.8764643026783682,0.9145842468009933,0.8644682681818038,0.769748054730115,0.8206655116499979,0.7557245790905592
cclasso_knn30;without_qn,0.9962839035725521,0.9779441674627203,0.9454031286621453,0.9993622235170715,0.9970462664135205,0.9772369747580857,0.9932055836280328,0.9588420685119202,0.9135692825662051
