,tejaas_rr,tejaas_jpa,matrixeqtl,tejaas_rr_errup,tejaas_jpa_errup,matrixeqtl_errup,tejaas_rr_errdn,tejaas_jpa_errdn,matrixeqtl_errdn
raw;with_qn,0.0188219188094606,0.005607432319399805,0.006009945721223563,0.02430740604562043,0.00847971365649674,0.009350634277378651,0.013336431573300764,0.0027351509823028705,0.002669257165068473
raw;without_qn,0.054169298386234646,0.005459042921238551,0.005627982935580243,0.06129628469514835,0.0076471846018725375,0.00911110810263426,0.047042312077320965,0.0032709012406045633,0.0021448577685262257
cclm;with_qn,0.004953654495764308,0.016299861843247478,0.045811124204674356,0.008673880927248238,0.02233543982331431,0.05350228278495014,0.00123342806428038,0.010264283863180648,0.038119965624398594
cclm;without_qn,0.016488918257777915,0.07304673341023073,0.07000239317344012,0.02305529584202439,0.0799590867502685,0.07779530472784559,0.009922540673531443,0.06613438007019294,0.06220948161903467
cclasso;with_qn,0.02317271680306846,0.008712184331475279,0.026787993191179974,0.029016934138478345,0.01362653679586441,0.034605307119269305,0.017328499467658572,0.0037978318670861496,0.018970679263090644
cclasso;without_qn,0.09625114760219745,0.07480334023522539,0.06993705786336304,0.09860131541319488,0.08230275608887147,0.07816368969518905,0.09390097979120006,0.06730392438157932,0.06171042603153705
knn30;with_qn,0.036297122174616066,0.01870565597574359,0.015596763853498164,0.043837896378050245,0.025037744141574142,0.0218231802039568,0.028756347971181893,0.012373567809913034,0.009370347503039526
knn30;without_qn,0.09356053774293982,0.006136423864800083,0.010958359416476441,0.09737554889198181,0.009685744677371847,0.01669390018579644,0.08974552659389781,0.002587103052228319,0.005222818647156447
cclasso_knn30;with_qn,0.03226915282462723,0.03708214559989557,0.040744193735656395,0.03900923283883336,0.04654136553577962,0.04833279058645312,0.025529072810421098,0.027622925664011522,0.03315559688485967
cclasso_knn30;without_qn,0.09647904836740437,0.08844730625560113,0.07512454971205151,0.09881475752754826,0.09323384623442724,0.08195451930055987,0.0941433392072605,0.08366076627677503,0.06829458012354317
